%YAML:1.0
---
camera_matrix: !!opencv-matrix
   rows: 3
   cols: 3
   dt: d
   data: [ 422.9731577459404, 0., 312.90375012211967, 0.,
       425.05542728814976, 183.69554171418193, 0., 0., 1. ]
dist_coeffs: !!opencv-matrix
   rows: 1
   cols: 5
   dt: d
   data: [ 0.021110907965385301, 0.017171932964155159, 0., 0., 0. ]
rms_error: 0.23076316391222521
